% Various sets of qBOLD data, for bar-chart plotting:
%
% Updated 2019-01-21

%% Re-done CSF dataset (incomplete) (Jan 2019)

legtext = {'FLAIR 2C','NF 2C','NF 3C','NFC T2w','NFC T2seg','NFC T1seg','NFC T2fit'};

%       Sub 3      Sub 4      Sub 6      Sub 8      Sub 9  
R2p = [ 4.2020,    3.0390,    1.8310,    1.9490,    2.4960; ...     % FLAIR 2C
        4.2160,    4.2520,    3.1520,    2.4450,    2.7280; ...     % NF 2C 
        5.0740,    4.6250,    4.3840,    3.5490,    3.5130; ...     % NF 3C
        3.6680,    3.2110,    3.2400,    2.3690,    2.4370; ...     % NFC T2w
        5.7070,    4.6980,    5.0440,    3.0160,    3.3690; ...     % NFC T2w
        5.6820,    5.0670,    5.2430,    3.7260,    3.7850; ...     % NFC T1w
        6.1990,    5.1270,    5.4230,    4.3320,    4.0560 ];       % NFC T1fit

%       Sub 3      Sub 4      Sub 6      Sub 8      Sub 9  
DBV = [ 7.0270,    4.9990,    2.7060,    3.4020,    4.3760; ...
        7.0640,    5.9420,    6.0100,    4.5800,    5.4980; ...
        5.3110,    3.8070,    6.0380,    5.5290,    6.9390; ...
        5.0600,    5.0200,    4.9600,    4.4930,    4.9490; ...
        6.9050,    4.6540,    6.8710,    5.3960,    5.2070; ...
        7.1530,    5.4690,    6.8480,    5.9370,    6.3740; ...
        8.1620,    5.1990,    7.1430,    5.6480,    5.7480 ];

%       Sub 3      Sub 4      Sub 6      Sub 8      Sub 9  
OEF = [ 18.2000,   17.5600,   13.5700,   14.3100,   14.5400; ...
        18.8500,   18.9000,   16.9700,   17.2200,   15.5300; ...
        15.7100,   14.5800,   14.3100,   14.6800,   13.4300; ...
        15.5200,   14.6700,   13.9300,   15.2100,   13.4200; ...
        14.0200,   12.9300,   12.2100,   13.3700,   11.7000; ...
        14.3600,   12.9500,   12.6400,   13.0800,   11.5400; ...
        14.1700,   12.3800,   12.1700,   12.5000,   10.8900 ];

%        Sub 3      Sub 4      Sub 6      Sub 8      Sub 9  
eR2p = [ 0.9590,    0.7860,    1.0010,    0.8340,    1.0540; ...
         0.6660,    0.8680,    0.6180,    0.5220,    0.6380; ...
         6.1550,    6.2080,    6.1330,    5.8430,    6.0600; ...
         2.3770,    2.3320,    2.3670,    2.0900,    2.1330; ...
         5.3860,    5.0080,    5.4680,    4.0740,    4.3180; ...
         5.4760,    5.2360,    5.3080,    4.5520,    4.6440; ...
         5.7690,    5.3440,    5.5580,    4.8900,    4.6300 ];
     
%        Sub 3      Sub 4      Sub 6      Sub 8      Sub 9  
eDBV = [  3.6290,    2.8500,    3.6760,    3.0140,    4.1840; ...
          2.9090,    3.5650,    2.6180,    2.2460,    2.8430; ...
         14.9000,   15.0800,   15.9600,   14.9400,   16.2300; ...
          6.8420,    7.2190,    8.2650,    5.6700,    6.3890; ...
         12.5800,   12.1100,   13.6100,   11.2600,   12.5700; ...
         12.4300,   12.7800,   14.2700,   12.6700,   13.3800; ...
         13.4700,   12.9800,   15.2000,   14.0600,   13.6600 ];

%        Sub 3      Sub 4      Sub 6      Sub 8      Sub 9  
eOEF = [ 10.2900,   10.1000,   12.1300,   11.2300,   12.3900; ...
          7.8300,    8.8500,    7.3300,    8.0400,    8.1000; ...
         17.2500,   18.9200,   19.3400,   23.4100,   22.5000; ...
         12.5200,   13.6000,   12.6000,   14.6800,   13.4300; ...
         16.8600,   18.4100,   16.8100,   23.0600,   20.4100; ...
         16.7100,   17.4700,   16.1000,   21.3400,   19.1400; ...
         16.3900,   17.1700,   16.1600,   20.1900,   19.2900 ];

%% Re-done VS dataset (for paper redraft) (Jan 2019)
% This time, we have switched the dimensions of the data matrices, so that
% subjects go along the columns, and each row is a different model

legtext = {'Linear','1C Model','2C Simple','2C Model','2C Model','1C Model','2C Model'};


%       VS 1       VS 2       VS 3       VS 4       VS 5       VS 6       VS 7
R2p = [ 3.0860,    3.5350,    2.8040,    3.3670,    2.9620,    3.3900,    2.5780; ...       % Linear
        3.3100,    3.3810,    2.8400,    3.5050,    3.3010,    3.4300,    2.5890; ...       % 1C Model
        3.2950,    3.5390,    2.9720,    3.5500,    3.2780,    3.4320,    2.5460; ...       % 2C Simple Model
        3.4860,    3.5830,    2.9720,    3.5400,    3.2370,    3.5090,    2.6230; ...       % 2C M.N. Model
        3.1820,    3.3940,    2.8820,    3.3730,    3.1100,    3.3530,    2.5570; ...       % 2C Steady State MN Model
        3.3550,    3.6160,    2.7750,    3.5340,    3.0490,    3.4480,    2.4080; ...       % 1C no abs
        3.2760,    3.4040,    2.6820,    3.3820,    2.9390,    3.3180,    2.3790 ];         % 2C no abs

%       VS 1       VS 2       VS 3       VS 4       VS 5       VS 6       VS 7
DBV = [ 4.5910,    5.8100,    4.0380,    5.0600,    5.2380,    5.2680,    4.8010; ...
        4.3750,    5.0200,    4.5280,    6.0410,    7.1930,    4.6800,    4.4730; ...
        5.2400,    5.8390,    5.1640,    6.4470,    7.3340,    5.3400,    4.6880; ...
        5.5560,    6.0650,    5.2440,    6.2770,    7.3870,    5.4000,    4.7470; ...
        5.3600,    5.4860,    5.1820,    5.9930,    6.6390,    5.3310,    4.5780; ...
        5.5180,    5.0240,    3.4130,    6.2950,    6.2300,    5.5080,    4.3190; ...
        3.7080,    4.7010,    4.6020,    4.7620,    3.1540,    3.2090,    2.4300 ];

%       VS 1       VS 2       VS 3       VS 4       VS 5       VS 6       VS 7
OEF = [ 27.1300,   24.0300,   26.3200,   24.7200,   23.1500,   26.4000,   21.2900; ...
        33.0500,   31.1200,   30.7300,   24.1000,   18.6900,   28.9300,   20.4900; ...
        31.1100,   32.5800,   25.0100,   26.8500,   21.3000,   32.2500,   21.7300; ...
        29.9200,   32.4900,   24.0700,   27.6100,   22.0900,   32.9200,   22.1800; ...
        32.3400,   33.8800,   26.4500,   28.1500,   21.9000,   33.0900,   22.1800; ...
        20.7500,   17.6500,   21.1900,   18.0300,   16.3300,   21.0500,   17.8200; ...
        20.5100,   17.7900,   20.5000,   18.2900,   16.3200,   20.6000,   17.9200 ];
    
%        VS 1       VS 2       VS 3       VS 4       VS 5       VS 6       VS 7
eR2p = [ 1.9830,    2.8350,    2.6410,    3.1420,    2.8680,    2.8880,    2.5600; ...
         0.6570,    0.7630,    0.6280,    0.6960,    0.6620,    0.5670,    0.5390; ...
         0.6360,    0.7580,    0.6910,    0.7450,    0.7510,    0.6130,    0.5890; ...
         0.7410,    0.7220,    0.5850,    0.7250,    0.6500,    0.6470,    0.5640; ...
         0.6180,    0.6690,    0.6010,    0.5700,    0.5850,    0.6180,    0.5330; ...
         0.5970,    0.7670,    0.5530,    0.6590,    0.6710,    0.6070,    0.5930; ...
         0.5460,    0.6660,    0.4960,    0.5840,    0.6910,    0.5640,    0.5390 ];
    
%        VS 1       VS 2       VS 3       VS 4       VS 5       VS 6       VS 7
eDBV = [ 3.8470,    5.2850,    3.8310,    4.9730,    5.2610,    5.4820,    5.0990; ...
         2.8550,    3.7700,    3.6060,    3.8240,    2.8770,    2.5700,    2.6920; ...
         3.1730,    3.7240,    3.7660,    4.1770,    3.4510,    3.3090,    3.2080; ...
         3.6700,    3.2900,    3.1590,    3.9890,    3.0580,    3.1980,    2.7260; ...
         3.4450,    3.2060,    3.3570,    3.1600,    2.6520,    3.4260,    2.7920; ...
         2.1780,    2.7660,    1.9200,    2.2020,    2.2690,    2.2180,    2.0720; ...
         2.1260,    2.4430,    1.8200,    1.9630,    2.2450,    2.0530,    2.0700 ];

%        VS 1       VS 2       VS 3       VS 4       VS 5       VS 6       VS 7
eOEF = [ 19.0700,   16.5000,   19.6700,   16.7200,   17.4400,   18.8600,   16.8600; ...
         20.0100,   22.3400,   21.4500,   15.3000,   10.9900,   19.1000,   15.2900; ...
         19.0800,   23.1800,   17.4400,   17.6300,   12.2000,   21.3700,   16.7000; ...
         18.2500,   22.7900,   16.5700,   18.7800,   13.3900,   21.2800,   16.6800; ...
         19.4700,   24.2100,   18.3500,   18.2800,   12.6300,   21.2200,   16.3100; ...
          9.3400,    8.0200,    9.9800,    7.4300,    6.0900,    9.6000,    9.5500; ...
          9.2400,    8.2500,    9.1700,    7.3600,    6.0500,    9.1600,    9.4200 ];
