% Various sets of qBOLD data, for bar-chart plotting:
%
% Updated 2019-02-13

%% Data for SNR comparisons using SDR model, February 2019

% Row Names
rnames = {'L Model'    ; ...   % 1 - L model, MATLAB
          'L Model'     ; ...   % 2 - L model, VB
          '1C Model'    ; ...   % 3 - 1C model, new thresholding
          '1C Model'    ; ...   % 4 - 1C model, new, with std thresholding
          '2C Model'    ; ...   % 5 - 2C model, new thresholding
          '2C Model'    ; ...   % 6 - 2C model, new, with std thresholding
          };
     
% SNR values
SNR = [ 5, 10, 25, 50, 100, 200, 500 ];


% SNR        5         10         25         50        100        200        500
Err_OEF = [ 27.7000,   22.7000,   15.8000,   11.6000,    7.8000,    5.6700,    4.5000; ...
            26.3000,   21.6000,   14.9000,   10.6000,    7.5500,    5.5600,    4.5100; ...
            25.2000,   20.8000,   14.6000,   11.1000,    8.2700,    6.7300,    5.8100; ...
            22.1000,   17.5000,   12.2000,    8.8300,    6.3200,    5.2100,    4.6800; ...
            24.6000,   20.2000,   14.4000,   10.8000,    8.0300,    6.3500,    5.5300; ...
            21.5000,   17.3000,   12.2000,    9.0000,    6.7400,    5.4900,    4.8600 ];

% SNR        5         10         25         50        100        200        500
Err_DBV = [ 17.7000,    7.9800,    3.2700,    1.9400,    1.2600,    0.9800,    0.8600; ...
            17.6000,    8.3100,    3.3000,    1.8000,    1.2300,    0.9600,    0.8600; ...
            12.1000,    7.4000,    3.4600,    2.1500,    1.4500,    1.1900,    1.0300; ...
            15.1000,    7.6300,    3.3600,    1.7800,    1.1900,    1.0100,    0.9500; ...
            11.7000,    7.1500,    3.5800,    1.8000,    1.3700,    1.0100,    0.9100; ...
            13.2000,    7.1200,    2.7500,    1.4800,    1.0000,    0.7900,    0.7700 ];

% SNR        5         10         25         50        100        200        500
Err_R2p = [  5.2500,    3.3300,    2.6800,    2.5300,    2.4800,    2.4500,    2.3900; ...
             4.0900,    2.9900,    2.6300,    2.5200,    2.4700,    2.4400,    2.3900; ...
             4.4400,    3.3200,    2.6400,    2.5500,    2.4700,    2.4500,    2.4100; ...
             5.9300,    4.0000,    3.0800,    2.7700,    2.6300,    2.5600,    2.4800; ...
             3.4700,    2.7300,    2.3400,    2.3000,    2.2700,    2.2300,    2.2000; ...
             4.2300,    3.2900,    2.6300,    2.4500,    2.3500,    2.2800,    2.2300 ];

% SNR          5         10        25        50       100       200       500
Rel_All = [  763.0,     390.3,    176.7,    106.4,     66.1,     64.8,     43.5; ...
             764.9,     404.7,    176.9,    104.8,     69.8,     52.0,     43.8; ...
             581.5,     384.3,    560.2,    159.9,    116.1,     98.6,     79.0; ...
             416.3,     251.2,    150.4,     77.1,     56.0,     47.8,     45.7; ...
             617.4,     506.6,    329.1,    167.1,    145.6,    110.1,     98.1; ...
             356.1,     341.3,    134.0,     80.7,     71.3,     49.1,     44.2 ];


%% Data for comparisons of R2'-model prior precisions (1C Model, 1C Data - Jan 19)

PrecR2p = [ 1e-5, 1e-4, 1e-3, 1e-2, 1e-1, 1e0, 1e1 ];
PrecDBV = [ 1e-3, 1e-2, 1e-1, 1e0, 1e1, 1e2];

% P(R2')     1e-5       1e-4       1e-3       1e-2       1e-1       1e0        1e1 
Err_OEF = [ 28.4000,   24.7000,   22.0000,   21.9000,   56.1000,   56.0000,   52.9000; ...
            45.9000,   18.4000,   23.8000,   28.8000,   47.5000,   50.2000,   40.9000; ...
            68.7000,   21.8000,   20.6000,   17.7000,   39.7000,   39.2000,   37.2000; ...
            24.9000,   20.8000,  100.0000,   44.0000,   61.8000,   45.0000,   41.2000; ...
            43.8000,   37.4000,   25.8000,   25.1000,   32.5000,   41.7000,   39.2000; ...
            62.1000,   20.4000,  100.0000,   54.0000,   65.9000,   32.7000,   37.1000 ];
       
% P(R2')     1e-5       1e-4       1e-3       1e-2       1e-1       1e0        1e1 
Err_DBV = [  9.4200,    3.7000,   37.4000,  100.0000,  100.0000,  100.0000,  100.0000; ...
           100.0000,    3.2700,    2.6700,   32.1000,  100.0000,  100.0000,  100.0000; ...
             4.2500,    1.3300,    1.5700,    4.3400,   15.2000,   32.2000,   49.5000; ...
             1.7900,    2.1900,    2.7200,    2.3100,    5.9400,   13.4000,   11.4000; ...
           100.0000,    1.4600,    1.5700,    1.5400,    3.6400,    6.6300,    5.8400; ...
           100.0000,    1.6700,    2.4900,    1.9400,    2.6500,    2.3300,    3.0800 ];
         
% P(R2')     1e-5       1e-4       1e-3       1e-2       1e-1       1e0        1e1 
Err_R2p = [  5.3000,    2.0200,    2.9800,    2.2100,    4.6600,    7.0800,    7.6600; ...
             6.6100,    2.0400,    2.3900,    1.9300,    3.3600,    6.0600,    6.9400; ...
             2.6800,    2.1800,    1.7700,    2.0900,    3.5500,    6.3700,    7.3400; ...
             8.7200,    5.7900,    1.9700,    3.1100,    4.7000,    7.2900,    8.1900; ...
            41.3000,    3.4400,    2.4400,    1.7300,    3.3800,    7.3000,    7.9200; ...
            13.2000,    2.1900,    1.7600,    2.1400,    3.2600,    7.1400,    8.1000 ];
        
% Relative Error summed across all variables
% P(R2')    1e-5       1e-4       1e-3       1e-2       1e-1       1e0        1e1 
Rel_All = [ 210.9000,  114.5000,  293.4000,  500.0000,  500.0000,  500.0000,  500.0000; ...
            500.0000,   93.0000,  101.6000,  500.0000,  500.0000,  500.0000,  500.0000; ...
            204.3000,   81.0000,   81.5000,  126.7000,  240.5000,  500.0000,  500.0000; ...
            153.1000,  118.3000,  302.0000,  140.3000,  233.3000,  305.2000,  382.0000; ...
            500.0000,  119.3000,   96.4000,   85.6000,  136.2000,  226.5000,  312.6000; ...
            500.0000,   78.5000,  226.0000,  139.7000,  208.1000,  159.4000,  283.7000 ];


%% Simulation data comparing acquisitions with different number of tau values
% Feb 2019

% Row Names
rnames = {'L Model'     ; ...   % 1 - L model, 11 tau values
          '1C Model'    ; ...   % 2 - 1C model, 11 tau values
          '11 taus'     ; ...   % 3 - 2C model, 11 tau values
          '11\tau ( -16:8:64 )' ; ...   % 4 - 2C model, 11 taus
          '7\tau ( 0:10:60 )'   ; ...   % 5 - 2C model, 7 taus (long)
          '7\tau ( 0:6:36 )'    ; ...   % 6 - 2C model, 7 taus (short)
          '7\tau, TE=50ms'      ; ...   % 7 - 2C model, 7 taus, TE=50
          '11\tau ( -16:8:64 )' ; ...   % 8 - 2C model, 9 taus
         };
     
% SNR values
SNR = [ 5, 10, 25, 50, 100, 200, 500 ];

nmes = [ 11, 11, 11, 11, 7, 7, 7, 11];   % number of measurements at each point

% SNR         5         10         25         50        100        200        500
Err_OEF = [ 145.0000,  200.0000,  200.0000,   54.6000,   32.8000,   22.3000,   15.6000; ...
             40.7000,   44.3000,   42.8000,   38.0000,   30.2000,   22.8000,   21.1000; ...
             40.7000,   51.2000,   45.9000,   36.8000,   24.2000,   17.9000,   17.2000; ...
            147.0000,  144.0000,  136.0000,   94.4000,   99.9000,   83.9000,   75.1000; ...
            133.0000,  133.0000,  123.0000,  137.0000,  130.0000,  119.0000,  118.0000; ...
             98.3000,  118.0000,  138.0000,  124.0000,  130.0000,  124.0000,  139.0000; ...
            116.0000,  156.0000,  110.0000,  105.0000,   80.5000,   84.9000,   77.3000; ...
            126.0000,  148.0000,  125.0000,  107.0000,   91.9000,   91.1000,   90.1000 ];

% SNR         5         10         25         50        100        200        500
